    19
1a4f_B        0.0  185.51  87.94  107.41  182.21  87.44  154.99  135.71  115.2  122.61  123.66  134.68  96.78  123.11  107.11  116.64  107.52  127.32  22.86
1cg5_B        185.51  0.0  188.19  180.71  121.56  179.56  208.71  161.16  179.29  199.18  196.24  145.57  177.9  161.11  194.97  188.89  199.9  150.63  188.33
1faw_B        87.94  188.19  0.0  108.35  184.37  86.45  155.1  134.46  118.98  124.5  122.8  135.05  98.88  123.14  110.21  122.22  113.22  132.85  25.95
1fhj_B        107.41  180.71  108.35  0.0  164.92  103.15  145.68  130.86  99.76  108.44  137.67  140.38  106.45  130.05  102.97  97.6  98.78  127.55  14.89
1gcv_B        182.21  121.56  184.37  164.92  0.0  175.9  203.91  149.89  176.6  194.7  192.86  121.96  174.68  144.44  190.37  184.67  186.99  140.49  194.95
1hbr_B        87.44  179.56  86.45  103.15  175.9  0.0  147.51  134.22  115.34  116.21  123.06  130.18  93.81  120.99  103.61  115.37  102.37  123.27  117.75
1hds_B        154.99  208.71  155.1  145.68  203.91  147.51  0.0  170.51  145.38  148.85  173.74  176.52  158.99  178.19  136.96  154.11  139.74  164.75  161.21
1out_B        135.71  161.16  134.46  130.86  149.89  134.22  170.51  0.0  134.17  143.01  119.59  101.84  138.83  134.74  141.88  158.74  142.66  117.17  164.65
1qpw_B        115.2  179.29  118.98  99.76  176.6  115.34  145.38  134.17  0.0  114.06  143.3  137.37  116.47  141.09  104.25  111.03  107.66  132.34  21.89
1s0h_B        122.61  199.18  124.5  108.44  194.7  116.21  148.85  143.01  114.06  0.0  157.77  151.13  117.79  144.73  104.82  115.12  114.1  132.52  22.42
1spg_B        123.66  196.24  122.8  137.67  192.86  123.06  173.74  119.59  143.3  157.77  0.0  132.54  130.59  116.14  140.93  151.94  142.29  140.97  33.43
1v4w_B        134.68  145.57  135.05  140.38  121.96  130.18  176.52  101.84  137.37  151.13  132.54  0.0  134.55  128.51  146.58  169.09  149.49  105.38  36.97
1wmu_B        96.78  177.9  98.88  106.45  174.68  93.81  158.99  138.83  116.47  117.79  130.59  134.55  0.0  125.13  101.0  113.75  98.96  124.52  21.19
1xq5_B        123.11  161.11  123.14  130.05  144.44  120.99  178.19  134.74  141.09  144.73  116.14  128.51  125.13  0.0  137.09  147.19  142.8  135.38  143.82
2d5x_B        107.11  194.97  110.21  102.97  190.37  103.61  136.96  141.88  104.25  104.82  140.93  146.58  101.0  137.09  0.0  92.25  86.7  133.48  15.67
2dn3_B        116.64  188.89  122.22  97.6  184.67  115.37  154.11  158.74  111.03  115.12  151.94  169.09  113.75  147.19  92.25  0.0  96.41  146.36  6.32
2qss_B        107.52  199.9  113.22  98.78  186.99  102.37  139.74  142.66  107.66  114.1  142.29  149.49  98.96  142.8  86.7  96.41  0.0  130.02  100.71
3d1k_B        127.32  150.63  132.85  127.55  140.49  123.27  164.75  117.17  132.34  132.52  140.97  105.38  124.52  135.38  133.48  146.36  130.02  0.0  31.05
Ancestor_model_B        22.86  188.33  25.95  14.89  194.95  117.75  161.21  164.65  21.89  22.42  33.43  36.97  21.19  143.82  15.67  6.32  100.71  31.05  0.0
